300
-710617 -69114 692777 -363085 
747793 -761665 885386 760492 
-483351 641421 202362 -509973 
368690 -479941 -102237 513926 
180540 -616574 -910828 455736 
5211 595368 -297433 -43571 
-534218 21530 -277138 665123 
174067 -296865 513929 979802 
634022 723058 133069 898167 
961393 18456 -824989 -521958 
176229 377373 484421 -455081 
-586216 -101463 -424802 594324 
798315 -335630 566413 -196474 
-223909 -731020 759956 241873 
806862 -830 -93004 497281 
702305 -579075 477084 336327 
-339664 126505 750846 -378271 
-338687 925857 616124 -646105 
819582 100545 -101186 -766633 
-484566 990364 -655957 -686250 
171087 -573192 117276 947178 
-304212 393584 705403 -497349 
-607246 -387601 999932 -904940 
549676 993368 947739 -789988 
636226 698586 348094 -702461 
-859205 480570 -348566 960378 
97467 -933399 -289903 612902 
-426683 570492 926652 -739244 
997301 560280 -275714 209441 
-46135 -570311 -771556 346619 
558440 -255271 958031 108117 
-261903 905771 834481 -109325 
-879291 698927 704567 -222144 
179497 -127647 254586 -723035 
455306 964683 -593781 -971376 
-948472 -667129 -194268 -951171 
-590497 530019 258270 363368 
959708 486715 226340 518149 
-252204 700723 142618 -997755 
-877154 493451 -107079 -756445 
192379 -402512 537764 -111772 
469841 -207650 165193 441500 
-242966 -912236 470124 324914 
-63013 -724144 373743 346491 
-677773 148365 -290141 -718064 
151432 -547449 -683563 899228 
-846725 975407 901474 -723879 
468858 -205605 36029 -338763 
908235 -426207 -934182 894428 
366143 231011 335928 -360471 
318776 322404 964443 -744237 
-885387 854538 -881394 -563160 
2904 344818 235128 -329312 
797369 -932083 -430083 -533004 
-956676 -12257 259470 512183 
-701510 -704501 -310228 -793275 
385644 -244410 -382495 268139 
-497046 -530214 907669 -661918 
-691458 -611536 110197 -60493 
-240645 228804 376348 -721389 
-426378 127828 -50701 -112657 
195746 -964432 354340 755422 
23311 -386190 267605 321801 
425661 -526270 -955122 -188695 
229320 178736 -920556 -751374 
648522 -496535 -413292 -526584 
408282 -786742 412924 -832363 
442062 305624 -37400 -467964 
-566548 911899 419379 -854450 
947468 290071 900973 487131 
903881 684930 -191067 845894 
-841340 370163 -342801 387981 
-451101 252996 -847041 -286227 
-727187 -260332 187190 681095 
-47074 116466 -634916 -88660 
-577910 327684 443376 -144458 
755936 379107 517445 -780244 
-330821 418418 706887 89412 
103348 32172 451659 262009 
-597664 -374790 166342 467587 
878206 319301 -302287 -332628 
-424679 -598745 -135181 -955401 
517721 229904 -44061 939811 
73940 -84333 311705 346228 
-188873 -170850 565984 996658 
-236080 789224 602422 867269 
-178604 54081 645630 740084 
679292 -188028 207672 -926150 
-352375 905385 -258778 739299 
-693360 606042 783898 -659287 
352298 256190 -719476 -57410 
-311791 -891419 -711181 499336 
-62268 -628845 495994 -781996 
-839621 614769 -914727 -18224 
-331150 -752745 -278140 -651858 
575579 -554116 -578007 -776795 
-132379 679567 962504 690613 
801961 -737246 -968674 154259 
518944 -171798 -386798 -276494 
-63216 -97979 -777158 -609132 
789528 -764811 -391128 949908 
849958 210498 448036 -481192 
457753 -313752 383303 33333 
132133 -678352 772890 999754 
-482433 -748254 690368 -680471 
-485500 -761954 473788 -450203 
66249 -913010 273303 -996967 
505363 -987503 -89747 294892 
-752314 519125 761152 -386004 
245975 209188 649157 -296271 
895436 32460 -746586 543921 
870460 -973696 -939972 -611973 
-721950 -733252 -292444 308902 
-495206 -302303 858699 571043 
301039 132002 -909572 -193597 
144500 681 -382353 908538 
36159 -104849 -477465 -717866 
-895661 -828308 502215 -483873 
720504 755629 -939951 590964 
-701715 -363571 -504657 -423665 
-96823 202900 885238 407971 
-583051 -739711 495367 717988 
392292 585795 40743 53144 
102829 658390 -38318 -344660 
-446459 -999431 453826 174232 
-827739 -43958 690360 -590883 
228023 -733239 -999919 526309 
-96810 -504575 -381004 806367 
-785323 -495766 730690 -368374 
-235476 226057 -650386 -326832 
328205 390358 726312 -52614 
565100 204346 602726 -365006 
204916 56552 -674422 893529 
-471054 -467710 -697353 756970 
-200949 -180920 799631 -781407 
830857 -581373 -458688 -438114 
439214 -211645 193512 -279910 
-985588 -940521 909610 858969 
966189 -847726 -193645 -952359 
356620 -74567 198987 77888 
-501662 524566 487770 27284 
-943144 790417 300606 372260 
125849 100237 -892795 473059 
-964783 -351482 -965055 990783 
436873 228458 -289127 967637 
804289 -379517 826607 770478 
-227243 149314 -665529 -354271 
-408900 533459 723618 89438 
58025 211388 -366926 631233 
518157 933681 3493 160358 
550270 110699 -366583 -898161 
-724431 -331637 -907378 -771206 
-586827 319847 -803569 -782538 
-543318 -460610 -495708 745791 
-794943 355115 -608479 -203843 
-111426 -368509 -598053 -537049 
-640769 35021 -389463 -606260 
485054 614030 554098 35325 
241081 -812484 653516 -966998 
372231 746139 -738204 785404 
582338 -25420 -480782 -960979 
513970 539862 784812 -764621 
-105023 -307315 31536 -700096 
324176 433483 279207 -800241 
-15143 889744 -406501 -530089 
-979873 -336050 505236 777560 
367818 675105 810563 -259951 
421244 -411289 41805 519934 
563291 -922625 558955 593614 
-866411 343768 828993 544918 
-447195 376882 844822 876982 
326717 124030 -406907 -688426 
530126 186593 -218514 550253 
850543 -196926 327814 734713 
-521821 138377 -525238 -584225 
727088 -967081 935710 806732 
-889706 -988983 400346 -239765 
871137 745691 -694847 -576057 
122573 -333672 -699075 -550709 
-693290 -105982 277217 836836 
-403037 -424945 387090 -36142 
378130 -285096 -301429 -627339 
-630367 689685 304789 -386927 
722604 756851 -580195 -650750 
767868 -663497 109485 639006 
-917805 414639 -937051 721120 
-919033 -119774 -313237 -612323 
-709404 963981 -259135 -112440 
-460964 -872045 -632230 -566482 
359211 66342 322532 -754804 
272379 -372679 -141730 -5016 
-615828 794427 344234 -847960 
-352717 -29928 -692602 245830 
-98937 -629653 -33050 -17970 
250573 653714 886059 -942478 
-865953 -373076 -54918 189435 
271232 829204 622954 -369557 
411898 -54514 -124360 -315722 
-910841 -749738 679262 -10317 
-438959 539848 141723 208324 
26272 449122 -545846 927335 
-664179 937457 -90635 -897253 
591171 311776 -839731 725218 
938701 621703 -85347 209933 
450907 53959 -643272 -137194 
-484203 748720 547084 121308 
-484666 742698 -889009 76376 
798898 252715 -198948 -174829 
218189 771559 -247494 554010 
709016 -821776 -826891 816539 
490000 -666622 -941891 945053 
955081 489114 671338 405989 
59426 -971933 -214853 575223 
776787 -667769 -303468 -707878 
-408719 323875 884850 -609821 
-423410 202254 215350 -688869 
-26187 967857 -618506 199181 
-853919 -445397 15720 -847567 
-112018 590181 -902513 359415 
79296 768825 -234596 -861278 
796892 550551 -769703 -909968 
-600866 443181 -101494 -9585 
-232943 299708 380595 859999 
-498038 112297 -312517 475776 
80154 68977 191309 742587 
-860068 -276618 895021 544266 
-686437 -491140 -96318 909211 
-722315 669086 -435715 -409070 
735990 -205417 197314 -348524 
-245884 -904180 641892 -962475 
395528 538839 897525 897490 
-348864 101360 889618 -752357 
-829663 80928 -493418 -173379 
804310 -82045 -629112 -365775 
426815 274570 -456563 -779147 
460008 107722 -188217 712350 
-581343 -990903 -636173 689126 
-378731 -477929 726651 -466851 
-939090 -859472 -569361 228398 
241888 -163390 992393 928577 
-566110 -501024 -244801 -245448 
416931 126087 388777 360099 
-599343 -551434 580952 -622983 
-927359 -607265 -910632 -508702 
-81816 -546805 -303224 -944195 
-24734 -576572 -411046 552528 
80308 19593 297278 -677803 
-627445 289672 -749226 -193555 
-695000 522325 560997 -761717 
-351588 466127 598382 565421 
914693 179334 942439 987334 
-911579 -451841 -5015 522957 
1354 691761 578762 -507028 
-368459 -832284 -438148 711850 
703662 -624518 -449601 -923783 
665154 -198827 399015 -513494 
-160149 476364 -275210 488263 
-57509 -676828 570037 373537 
-981141 -971172 360871 -892720 
-423013 -644144 -853410 578341 
-436030 725352 -412335 195511 
893069 149517 -92639 -886917 
-958649 974112 -810700 706506 
291638 -895333 -290636 -868511 
581032 434154 -863896 39875 
-726321 706141 -586588 -707462 
734969 -709364 -83830 -688044 
162844 62760 -593351 726814 
304465 -5686 -77674 713886 
-339817 -653961 826969 -298465 
-679848 -467379 -75607 611790 
-362711 -849891 -740369 -265327 
584264 -604265 774548 -625705 
-898123 -295687 -333167 -646802 
-5051 -900645 -334845 -842207 
678468 588156 -599040 -17067 
98823 323286 213171 -724642 
-814323 40140 493245 22181 
572761 -66010 150323 -789950 
84100 409954 461075 -331636 
-677958 235624 42659 -576081 
-543711 -774156 293469 451238 
-158449 -525024 -874617 -479981 
-936867 -473657 -980696 161956 
-634019 232475 953666 68011 
-211033 446912 -909808 -638271 
-619098 756868 88131 465002 
683174 -450793 -350282 -994784 
-698817 692377 -54513 -242528 
-565427 -761043 -274938 276125 
-286067 366797 -687504 293418 
893141 -151847 -28274 -224526 
-403020 -74607 843485 385948 
-627695 -549970 -735971 269559 
-793102 352160 -265438 -593576 
-582281 384280 -588359 -281098 
593010 873480 992726 -972417 
-371211 234140 303708 342723 
-399062 -867443 152493 10431 
-19290 -875780 785905 577690 
100
49613 29391 63638 38270 79421 27667 7829 2671 96180 58743 9095 13899 43024 37088 49154 52386 10569 58232 79969 55710 92373 30 98433 9663 32587 67279 20094 29649 91499 22351 7339 57464 51742 87330 12086 47515 31349 19915 50186 43881 95011 75634 74133 54387 12722 23287 6773 39643 81519 86742 95354 90244 3124 10139 16259 52063 77418 36353 81712 85269 58705 5404 42733 26799 92734 54819 74315 40435 91087 40853 669 2450 16487 74802 56837 45562 98089 63610 85205 95960 66704 96911 2557 69829 23403 18816 21892 821 71522 3605 2443 46579 25361 61528 73378 34447 32700 64045 74882 23787 